crossing time (s)	slope (V/s)	crossing number
281474976710655.000000	45.648884	1144	0.000000
281474976710655.000000	43.424969	1145	0.000000
281474976710655.000000	41.971123	1146	0.000000
281474976710655.000000	34.333996	1147	0.000000
281474976710655.000000	33.850204	1148	0.000000
281474976710655.000000	40.681633	1149	0.000000
281474976710655.000000	44.483120	1150	0.000000
281474976710655.000000	32.739887	1151	0.000000
281474976710655.000000	39.979046	1152	0.000000
281474976710655.000000	40.459610	1153	0.000000
281474976710655.000000	35.259968	1154	0.000000
281474976710655.000000	47.695118	1155	0.000000
281474976710655.000000	34.997467	1156	0.000000
281474976710655.000000	47.369457	1157	0.000000
281474976710655.000000	39.657787	1158	0.000000
281474976710655.000000	38.065388	1159	0.000000
281474976710655.000000	49.486744	1160	0.000000
281474976710655.000000	37.798046	1161	0.000000
281474976710655.000000	33.144737	1162	0.000000
281474976710655.000000	37.845257	1163	0.000000
281474976710655.000000	39.378490	1164	0.000000
281474976710655.000000	43.932384	1165	0.000000
281474976710655.000000	39.492435	1166	0.000000
281474976710655.000000	31.166885	1167	0.000000
281474976710655.000000	39.547878	1168	0.000000
281474976710655.000000	39.307575	1169	0.000000
281474976710655.000000	35.457775	1170	0.000000
281474976710655.000000	30.880585	1171	0.000000
281474976710655.000000	48.246780	1172	0.000000
281474976710655.000000	32.698078	1173	0.000000
281474976710655.000000	32.611969	1174	0.000000
281474976710655.000000	40.907017	1175	0.000000
281474976710655.000000	39.086514	1176	0.000000
281474976710655.000000	40.159382	1177	0.000000
281474976710655.000000	35.246731	1178	0.000000
281474976710655.000000	36.155476	1179	0.000000
281474976710655.000000	38.808426	1180	0.000000
281474976710655.000000	40.214790	1181	0.000000
281474976710655.000000	37.419247	1182	0.000000
281474976710655.000000	35.935699	1183	0.000000
281474976710655.000000	38.414928	1184	0.000000
281474976710655.000000	36.094284	1185	0.000000
281474976710655.000000	33.326668	1186	0.000000
281474976710655.000000	39.332855	1187	0.000000
281474976710655.000000	38.128155	1188	0.000000
281474976710655.000000	35.593445	1189	0.000000
281474976710655.000000	38.953922	1190	0.000000
281474976710655.000000	33.390419	1191	0.000000
281474976710655.000000	38.002628	1192	0.000000
281474976710655.000000	36.779587	1193	0.000000
281474976710655.000000	41.675396	1194	0.000000
281474976710655.000000	41.412552	1195	0.000000
281474976710655.000000	40.600628	1196	0.000000
281474976710655.000000	38.939522	1197	0.000000
281474976710655.000000	37.109440	1198	0.000000
281474976710655.000000	30.812050	1199	0.000000
281474976710655.000000	35.199570	1200	0.000000
281474976710655.000000	35.287544	1201	0.000000
281474976710655.000000	41.131863	1202	0.000000
281474976710655.000000	28.816763	1203	0.000000
281474976710655.000000	43.453663	1204	0.000000
281474976710655.000000	29.086836	1205	0.000000
281474976710655.000000	43.314896	1206	0.000000
281474976710655.000000	35.338890	1207	0.000000
281474976710655.000000	29.135620	1208	0.000000
281474976710655.000000	35.679089	1209	0.000000
281474976710655.000000	37.728180	1210	0.000000
281474976710655.000000	30.798021	1211	0.000000
281474976710655.000000	37.476517	1212	0.000000
281474976710655.000000	31.871918	1213	0.000000
281474976710655.000000	36.136288	1214	0.000000
281474976710655.000000	36.710609	1215	0.000000
281474976710655.000000	40.498856	1216	0.000000
281474976710655.000000	30.851189	1217	0.000000
281474976710655.000000	31.707441	1218	0.000000
281474976710655.000000	37.506027	1219	0.000000
281474976710655.000000	31.734398	1220	0.000000
281474976710655.000000	34.588398	1221	0.000000
281474976710655.000000	35.620579	1222	0.000000
281474976710655.000000	27.769106	1223	0.000000
281474976710655.000000	36.162724	1224	0.000000
281474976710655.000000	30.584993	1225	0.000000
281474976710655.000000	31.718685	1226	0.000000
281474976710655.000000	33.680687	1227	0.000000
281474976710655.000000	35.206203	1228	0.000000
281474976710655.000000	33.561211	1229	0.000000
281474976710655.000000	33.722008	1230	0.000000
281474976710655.000000	35.616352	1231	0.000000
281474976710655.000000	34.426823	1232	0.000000
281474976710655.000000	33.524612	1233	0.000000
281474976710655.000000	33.055271	1234	0.000000
281474976710655.000000	33.431290	1235	0.000000
281474976710655.000000	33.406727	1236	0.000000
281474976710655.000000	29.605242	1237	0.000000
281474976710655.000000	35.181168	1238	0.000000
281474976710655.000000	31.408844	1239	0.000000
281474976710655.000000	34.966965	1240	0.000000
281474976710655.000000	29.895172	1241	0.000000
281474976710655.000000	30.333508	1242	0.000000
281474976710655.000000	29.227282	1243	0.000000
281474976710655.000000	30.282467	1244	0.000000
281474976710655.000000	31.247267	1245	0.000000
281474976710655.000000	34.114899	1246	0.000000
281474976710655.000000	31.212841	1247	0.000000
281474976710655.000000	32.362625	1248	0.000000
281474976710655.000000	30.555016	1249	0.000000
281474976710655.000000	40.216316	1250	0.000000
281474976710655.000000	33.314396	1251	0.000000
281474976710655.000000	37.132580	1252	0.000000
281474976710655.000000	32.012650	1253	0.000000
281474976710655.000000	39.752132	1254	0.000000
281474976710655.000000	30.818069	1255	0.000000
281474976710655.000000	33.187122	1256	0.000000
281474976710655.000000	30.538872	1257	0.000000
281474976710655.000000	37.160336	1258	0.000000
281474976710655.000000	31.972527	1259	0.000000
281474976710655.000000	39.187592	1260	0.000000
281474976710655.000000	29.777777	1261	0.000000
281474976710655.000000	29.206360	1262	0.000000
281474976710655.000000	30.050505	1263	0.000000
281474976710655.000000	31.467400	1264	0.000000
281474976710655.000000	31.833677	1265	0.000000
281474976710655.000000	31.190170	1266	0.000000
281474976710655.000000	26.534910	1267	0.000000
281474976710655.000000	29.862757	1268	0.000000
281474976710655.000000	28.345871	1269	0.000000
281474976710655.000000	34.208759	1270	0.000000
281474976710655.000000	30.911776	1271	0.000000
281474976710655.000000	31.043098	1272	0.000000
281474976710655.000000	28.693443	1273	0.000000
281474976710655.000000	36.141590	1274	0.000000
281474976710655.000000	31.062498	1275	0.000000
281474976710655.000000	28.841003	1276	0.000000
281474976710655.000000	32.457340	1277	0.000000
281474976710655.000000	32.393288	1278	0.000000
281474976710655.000000	29.342693	1279	0.000000
281474976710655.000000	30.647198	1280	0.000000
281474976710655.000000	30.579596	1281	0.000000
281474976710655.000000	32.518730	1282	0.000000
281474976710655.000000	29.198189	1283	0.000000
281474976710655.000000	28.976749	1284	0.000000
281474976710655.000000	29.471657	1285	0.000000
281474976710655.000000	27.185694	1286	0.000000
281474976710655.000000	30.353655	1287	0.000000
281474976710655.000000	30.446047	1288	0.000000
281474976710655.000000	26.758184	1289	0.000000
281474976710655.000000	26.724075	1290	0.000000
281474976710655.000000	30.325068	1291	0.000000
281474976710655.000000	35.771465	1292	0.000000
281474976710655.000000	26.492846	1293	0.000000
281474976710655.000000	27.821976	1294	0.000000
281474976710655.000000	27.903994	1295	0.000000
281474976710655.000000	31.026945	1296	0.000000
281474976710655.000000	27.435467	1297	0.000000
281474976710655.000000	29.324673	1298	0.000000
281474976710655.000000	29.281151	1299	0.000000
281474976710655.000000	28.462616	1300	0.000000
281474976710655.000000	31.318798	1301	0.000000
281474976710655.000000	31.780827	1302	0.000000
281474976710655.000000	23.375429	1303	0.000000
281474976710655.000000	35.814644	1304	0.000000
281474976710655.000000	27.731007	1305	0.000000
281474976710655.000000	30.412737	1306	0.000000
281474976710655.000000	27.385408	1307	0.000000
281474976710655.000000	29.367102	1308	0.000000
281474976710655.000000	25.917641	1309	0.000000
281474976710655.000000	30.912964	1310	0.000000
281474976710655.000000	29.292749	1311	0.000000
281474976710655.000000	31.971626	1312	0.000000
281474976710655.000000	29.025341	1313	0.000000
281474976710655.000000	28.361269	1314	0.000000
281474976710655.000000	26.580915	1315	0.000000
281474976710655.000000	28.527176	1316	0.000000
281474976710655.000000	25.478197	1317	0.000000
281474976710655.000000	28.623325	1318	0.000000
281474976710655.000000	28.596855	1319	0.000000
281474976710655.000000	28.366693	1320	0.000000
281474976710655.000000	25.888371	1321	0.000000
281474976710655.000000	30.011818	1322	0.000000
281474976710655.000000	24.258614	1323	0.000000
281474976710655.000000	27.968822	1324	0.000000
281474976710655.000000	27.085121	1325	0.000000
281474976710655.000000	27.772402	1326	0.000000
281474976710655.000000	26.243290	1327	0.000000
281474976710655.000000	30.809547	1328	0.000000
281474976710655.000000	29.202230	1329	0.000000
281474976710655.000000	29.916597	1330	0.000000
281474976710655.000000	26.414181	1331	0.000000
281474976710655.000000	29.773417	1332	0.000000
281474976710655.000000	27.926716	1333	0.000000
281474976710655.000000	27.778549	1334	0.000000
281474976710655.000000	23.842169	1335	0.000000
281474976710655.000000	29.355906	1336	0.000000
281474976710655.000000	24.715067	1337	0.000000
281474976710655.000000	30.522537	1338	0.000000
281474976710655.000000	27.780102	1339	0.000000
281474976710655.000000	26.055756	1340	0.000000
281474976710655.000000	25.699896	1341	0.000000
281474976710655.000000	30.637074	1342	0.000000
281474976710655.000000	24.437447	1343	0.000000
281474976710655.000000	27.333359	1344	0.000000
281474976710655.000000	26.386091	1345	0.000000
281474976710655.000000	28.599941	1346	0.000000
281474976710655.000000	24.304373	1347	0.000000
281474976710655.000000	28.535999	1348	0.000000
281474976710655.000000	25.613558	1349	0.000000
281474976710655.000000	26.725811	1350	0.000000
281474976710655.000000	24.082010	1351	0.000000
281474976710655.000000	28.618612	1352	0.000000
281474976710655.000000	24.136314	1353	0.000000
281474976710655.000000	28.496515	1354	0.000000
281474976710655.000000	27.124945	1355	0.000000
281474976710655.000000	29.974607	1356	0.000000
281474976710655.000000	26.963392	1357	0.000000
281474976710655.000000	28.247927	1358	0.000000
281474976710655.000000	22.930565	1359	0.000000
281474976710655.000000	27.879208	1360	0.000000
281474976710655.000000	25.122242	1361	0.000000
281474976710655.000000	26.250717	1362	0.000000
281474976710655.000000	26.801334	1363	0.000000
281474976710655.000000	26.387545	1364	0.000000
281474976710655.000000	25.125452	1365	0.000000
281474976710655.000000	28.675306	1366	0.000000
281474976710655.000000	23.871067	1367	0.000000
281474976710655.000000	27.619917	1368	0.000000
281474976710655.000000	26.568893	1369	0.000000
281474976710655.000000	28.037144	1370	0.000000
281474976710655.000000	26.609568	1371	0.000000
281474976710655.000000	29.585606	1372	0.000000
281474976710655.000000	25.742090	1373	0.000000
281474976710655.000000	30.824694	1374	0.000000
281474976710655.000000	24.454752	1375	0.000000
281474976710655.000000	27.371212	1376	0.000000
281474976710655.000000	25.276510	1377	0.000000
281474976710655.000000	29.587286	1378	0.000000
281474976710655.000000	24.223946	1379	0.000000
281474976710655.000000	29.171410	1380	0.000000
281474976710655.000000	27.247675	1381	0.000000
281474976710655.000000	28.786276	1382	0.000000
281474976710655.000000	26.167870	1383	0.000000
281474976710655.000000	27.388468	1384	0.000000
281474976710655.000000	23.699537	1385	0.000000
281474976710655.000000	28.212978	1386	0.000000
281474976710655.000000	25.030355	1387	0.000000
281474976710655.000000	27.128748	1388	0.000000
281474976710655.000000	25.199295	1389	0.000000
281474976710655.000000	25.802828	1390	0.000000
281474976710655.000000	24.006390	1391	0.000000
281474976710655.000000	28.874813	1392	0.000000
281474976710655.000000	25.413248	1393	0.000000
281474976710655.000000	28.851213	1394	0.000000
281474976710655.000000	25.000504	1395	0.000000
281474976710655.000000	27.474127	1396	0.000000
281474976710655.000000	25.777733	1397	0.000000
281474976710655.000000	25.335541	1398	0.000000
281474976710655.000000	24.328299	1399	0.000000
281474976710655.000000	27.482012	1400	0.000000
281474976710655.000000	26.441832	1401	0.000000
281474976710655.000000	27.060444	1402	0.000000
281474976710655.000000	25.860722	1403	0.000000
281474976710655.000000	25.803131	1404	0.000000
281474976710655.000000	24.611395	1405	0.000000
281474976710655.000000	28.534876	1406	0.000000
281474976710655.000000	24.328915	1407	0.000000
281474976710655.000000	29.687607	1408	0.000000
281474976710655.000000	24.857449	1409	0.000000
281474976710655.000000	26.564837	1410	0.000000
281474976710655.000000	24.030083	1411	0.000000
281474976710655.000000	26.320919	1412	0.000000
281474976710655.000000	25.153133	1413	0.000000
281474976710655.000000	24.834854	1414	0.000000
281474976710655.000000	23.683081	1415	0.000000
281474976710655.000000	26.157169	1416	0.000000
281474976710655.000000	24.463802	1417	0.000000
281474976710655.000000	29.613878	1418	0.000000
281474976710655.000000	22.457682	1419	0.000000
281474976710655.000000	26.214350	1420	0.000000
281474976710655.000000	23.527969	1421	0.000000
281474976710655.000000	24.463997	1422	0.000000
281474976710655.000000	23.307993	1423	0.000000
281474976710655.000000	25.737423	1424	0.000000
281474976710655.000000	20.887747	1425	0.000000
281474976710655.000000	27.755020	1426	0.000000
281474976710655.000000	22.966602	1427	0.000000
281474976710655.000000	25.591993	1428	0.000000
281474976710655.000000	23.422501	1429	0.000000
281474976710655.000000	26.405418	1430	0.000000
281474976710655.000000	23.520744	1431	0.000000
281474976710655.000000	26.254566	1432	0.000000
281474976710655.000000	25.612648	1433	0.000000
281474976710655.000000	26.901567	1434	0.000000
281474976710655.000000	23.312382	1435	0.000000
281474976710655.000000	24.475061	1436	0.000000
281474976710655.000000	23.005127	1437	0.000000
281474976710655.000000	27.517429	1438	0.000000
281474976710655.000000	23.070404	1439	0.000000
281474976710655.000000	24.322285	1440	0.000000
281474976710655.000000	23.057346	1441	0.000000
281474976710655.000000	25.782236	1442	0.000000
281474976710655.000000	21.928881	1443	0.000000
281474976710655.000000	23.941734	1444	0.000000
281474976710655.000000	24.115149	1445	0.000000
281474976710655.000000	25.303625	1446	0.000000
281474976710655.000000	24.032740	1447	0.000000
281474976710655.000000	26.380129	1448	0.000000
281474976710655.000000	23.964430	1449	0.000000
281474976710655.000000	27.108154	1450	0.000000
281474976710655.000000	23.906750	1451	0.000000
281474976710655.000000	26.679365	1452	0.000000
281474976710655.000000	21.730518	1453	0.000000
281474976710655.000000	26.962759	1454	0.000000
281474976710655.000000	22.590796	1455	0.000000
281474976710655.000000	28.088791	1456	0.000000
281474976710655.000000	23.650959	1457	0.000000
281474976710655.000000	26.027496	1458	0.000000
281474976710655.000000	22.744732	1459	0.000000
281474976710655.000000	25.412451	1460	0.000000
281474976710655.000000	24.175291	1461	0.000000
281474976710655.000000	24.959455	1462	0.000000
281474976710655.000000	22.917046	1463	0.000000
281474976710655.000000	23.493080	1464	0.000000
281474976710655.000000	22.706505	1465	0.000000
281474976710655.000000	26.513758	1466	0.000000
281474976710655.000000	22.627480	1467	0.000000
281474976710655.000000	25.206409	1468	0.000000
281474976710655.000000	21.407917	1469	0.000000
281474976710655.000000	25.160946	1470	0.000000
281474976710655.000000	22.066610	1471	0.000000
281474976710655.000000	26.737278	1472	0.000000
281474976710655.000000	23.351934	1473	0.000000
281474976710655.000000	24.133234	1474	0.000000
281474976710655.000000	23.494032	1475	0.000000
281474976710655.000000	25.135187	1476	0.000000
281474976710655.000000	21.898600	1477	0.000000
281474976710655.000000	24.194319	1478	0.000000
281474976710655.000000	22.450655	1479	0.000000
281474976710655.000000	23.449404	1480	0.000000
281474976710655.000000	22.507626	1481	0.000000
281474976710655.000000	24.456987	1482	0.000000
281474976710655.000000	21.991613	1483	0.000000
281474976710655.000000	27.171106	1484	0.000000
281474976710655.000000	22.730995	1485	0.000000
281474976710655.000000	26.260294	1486	0.000000
281474976710655.000000	22.381912	1487	0.000000
281474976710655.000000	25.960003	1488	0.000000
281474976710655.000000	22.494892	1489	0.000000
281474976710655.000000	24.415983	1490	0.000000
281474976710655.000000	23.285772	1491	0.000000
281474976710655.000000	26.809505	1492	0.000000
281474976710655.000000	21.850941	1493	0.000000
281474976710655.000000	24.878141	1494	0.000000
281474976710655.000000	22.401934	1495	0.000000
281474976710655.000000	22.989656	1496	0.000000
281474976710655.000000	22.276344	1497	0.000000
281474976710655.000000	24.975006	1498	0.000000
281474976710655.000000	22.522964	1499	0.000000
281474976710655.000000	24.036375	1500	0.000000
281474976710655.000000	22.653912	1501	0.000000
281474976710655.000000	22.719391	1502	0.000000
281474976710655.000000	22.473080	1503	0.000000
281474976710655.000000	24.054022	1504	0.000000
281474976710655.000000	21.837036	1505	0.000000
281474976710655.000000	24.852867	1506	0.000000
281474976710655.000000	24.218077	1507	0.000000
281474976710655.000000	24.590416	1508	0.000000
281474976710655.000000	22.506311	1509	0.000000
281474976710655.000000	23.297829	1510	0.000000
281474976710655.000000	21.186954	1511	0.000000
281474976710655.000000	23.625809	1512	0.000000
281474976710655.000000	22.566427	1513	0.000000
281474976710655.000000	22.723900	1514	0.000000
281474976710655.000000	21.990561	1515	0.000000
281474976710655.000000	24.566586	1516	0.000000
281474976710655.000000	23.214716	1517	0.000000
281474976710655.000000	23.118608	1518	0.000000
281474976710655.000000	21.959612	1519	0.000000
281474976710655.000000	25.230045	1520	0.000000
281474976710655.000000	22.563986	1521	0.000000
281474976710655.000000	24.473158	1522	0.000000
281474976710655.000000	23.260193	1523	0.000000
281474976710655.000000	24.611847	1524	0.000000
281474976710655.000000	21.250895	1525	0.000000
281474976710655.000000	24.577953	1526	0.000000
281474976710655.000000	21.175789	1527	0.000000
281474976710655.000000	24.172516	1528	0.000000
281474976710655.000000	21.307924	1529	0.000000
281474976710655.000000	23.629986	1530	0.000000
281474976710655.000000	21.448771	1531	0.000000
281474976710655.000000	23.798927	1532	0.000000
281474976710655.000000	23.759735	1533	0.000000
281474976710655.000000	22.003052	1534	0.000000
281474976710655.000000	21.420475	1535	0.000000
281474976710655.000000	23.977797	1536	0.000000
281474976710655.000000	20.275801	1537	0.000000
281474976710655.000000	24.786760	1538	0.000000
281474976710655.000000	22.132513	1539	0.000000
281474976710655.000000	22.699778	1540	0.000000
281474976710655.000000	21.818468	1541	0.000000
281474976710655.000000	24.692385	1542	0.000000
281474976710655.000000	21.965973	1543	0.000000
281474976710655.000000	22.183538	1544	0.000000
281474976710655.000000	22.204805	1545	0.000000
281474976710655.000000	24.996422	1546	0.000000
281474976710655.000000	20.959106	1547	0.000000
281474976710655.000000	24.236679	1548	0.000000
281474976710655.000000	22.293169	1549	0.000000
281474976710655.000000	23.757326	1550	0.000000
281474976710655.000000	21.259060	1551	0.000000
281474976710655.000000	23.187477	1552	0.000000
281474976710655.000000	22.544834	1553	0.000000
281474976710655.000000	23.298378	1554	0.000000
281474976710655.000000	21.020990	1555	0.000000
281474976710655.000000	23.682304	1556	0.000000
281474976710655.000000	20.733025	1557	0.000000
281474976710655.000000	21.617218	1558	0.000000
281474976710655.000000	21.538324	1559	0.000000
281474976710655.000000	23.111088	1560	0.000000
281474976710655.000000	21.495598	1561	0.000000
281474976710655.000000	23.536533	1562	0.000000
281474976710655.000000	21.019703	1563	0.000000
281474976710655.000000	23.441729	1564	0.000000
281474976710655.000000	21.053831	1565	0.000000
281474976710655.000000	23.492765	1566	0.000000
281474976710655.000000	21.447580	1567	0.000000
281474976710655.000000	22.999834	1568	0.000000
281474976710655.000000	20.740229	1569	0.000000
281474976710655.000000	23.871885	1570	0.000000
281474976710655.000000	22.175056	1571	0.000000
281474976710655.000000	22.780935	1572	0.000000
281474976710655.000000	20.757885	1573	0.000000
281474976710655.000000	22.944233	1574	0.000000
281474976710655.000000	20.786570	1575	0.000000
281474976710655.000000	22.630770	1576	0.000000
281474976710655.000000	21.663288	1577	0.000000
281474976710655.000000	22.428701	1578	0.000000
281474976710655.000000	20.310863	1579	0.000000
281474976710655.000000	21.965603	1580	0.000000
281474976710655.000000	21.826691	1581	0.000000
281474976710655.000000	22.483259	1582	0.000000
281474976710655.000000	20.088644	1583	0.000000
281474976710655.000000	21.517023	1584	0.000000
281474976710655.000000	21.544716	1585	0.000000
281474976710655.000000	21.378330	1586	0.000000
281474976710655.000000	21.445507	1587	0.000000
281474976710655.000000	21.377985	1588	0.000000
281474976710655.000000	20.062670	1589	0.000000
281474976710655.000000	21.615633	1590	0.000000
281474976710655.000000	21.112951	1591	0.000000
281474976710655.000000	22.927319	1592	0.000000
281474976710655.000000	21.235645	1593	0.000000
281474976710655.000000	23.091480	1594	0.000000
281474976710655.000000	20.867058	1595	0.000000
281474976710655.000000	22.868254	1596	0.000000
281474976710655.000000	21.359434	1597	0.000000
281474976710655.000000	21.722696	1598	0.000000
281474976710655.000000	20.370726	1599	0.000000
281474976710655.000000	21.280256	1600	0.000000
281474976710655.000000	21.090616	1601	0.000000
281474976710655.000000	20.401564	1602	0.000000
281474976710655.000000	21.226875	1603	0.000000
281474976710655.000000	23.114655	1604	0.000000
281474976710655.000000	21.173838	1605	0.000000
281474976710655.000000	21.268154	1606	0.000000
281474976710655.000000	20.332823	1607	0.000000
281474976710655.000000	21.845085	1608	0.000000
281474976710655.000000	21.258570	1609	0.000000
281474976710655.000000	21.456310	1610	0.000000
281474976710655.000000	21.231890	1611	0.000000
281474976710655.000000	22.423445	1612	0.000000
281474976710655.000000	20.563385	1613	0.000000
281474976710655.000000	23.089041	1614	0.000000
281474976710655.000000	18.845053	1615	0.000000
281474976710655.000000	21.465437	1616	0.000000
281474976710655.000000	20.356754	1617	0.000000
281474976710655.000000	21.857119	1618	0.000000
281474976710655.000000	19.673944	1619	0.000000
281474976710655.000000	21.500212	1620	0.000000
281474976710655.000000	20.768545	1621	0.000000
281474976710655.000000	21.703646	1622	0.000000
281474976710655.000000	20.263821	1623	0.000000
281474976710655.000000	22.152958	1624	0.000000
281474976710655.000000	19.450785	1625	0.000000
281474976710655.000000	21.618345	1626	0.000000
281474976710655.000000	19.396801	1627	0.000000
281474976710655.000000	20.668413	1628	0.000000
281474976710655.000000	20.204172	1629	0.000000
281474976710655.000000	22.028183	1630	0.000000
281474976710655.000000	20.622044	1631	0.000000
281474976710655.000000	20.988506	1632	0.000000
281474976710655.000000	20.230389	1633	0.000000
281474976710655.000000	21.280245	1634	0.000000
281474976710655.000000	20.087820	1635	0.000000
281474976710655.000000	21.565487	1636	0.000000
281474976710655.000000	20.211887	1637	0.000000
281474976710655.000000	19.138504	1638	0.000000
281474976710655.000000	19.922430	1639	0.000000
281474976710655.000000	21.545877	1640	0.000000
281474976710655.000000	19.112701	1641	0.000000
281474976710655.000000	20.508221	1642	0.000000
281474976710655.000000	19.231951	1643	0.000000
281474976710655.000000	20.613894	1644	0.000000
281474976710655.000000	20.499605	1645	0.000000
281474976710655.000000	20.882607	1646	0.000000
281474976710655.000000	18.897228	1647	0.000000
281474976710655.000000	20.478605	1648	0.000000
281474976710655.000000	19.895844	1649	0.000000
281474976710655.000000	21.622654	1650	0.000000
281474976710655.000000	19.414198	1651	0.000000
281474976710655.000000	21.351593	1652	0.000000
281474976710655.000000	19.370045	1653	0.000000
281474976710655.000000	20.164322	1654	0.000000
281474976710655.000000	19.276087	1655	0.000000
281474976710655.000000	19.701439	1656	0.000000
281474976710655.000000	19.469156	1657	0.000000
281474976710655.000000	20.326452	1658	0.000000
281474976710655.000000	20.215157	1659	0.000000
281474976710655.000000	20.886965	1660	0.000000
281474976710655.000000	19.419250	1661	0.000000
281474976710655.000000	20.601677	1662	0.000000
281474976710655.000000	19.987421	1663	0.000000
281474976710655.000000	20.574780	1664	0.000000
281474976710655.000000	19.936058	1665	0.000000
281474976710655.000000	20.471710	1666	0.000000
281474976710655.000000	19.868313	1667	0.000000
281474976710655.000000	20.758650	1668	0.000000
281474976710655.000000	18.744921	1669	0.000000
281474976710655.000000	19.748550	1670	0.000000
281474976710655.000000	19.424603	1671	0.000000
281474976710655.000000	20.156799	1672	0.000000
281474976710655.000000	19.262947	1673	0.000000
281474976710655.000000	21.095444	1674	0.000000
281474976710655.000000	19.132278	1675	0.000000
281474976710655.000000	19.603653	1676	0.000000
281474976710655.000000	19.198309	1677	0.000000
281474976710655.000000	20.824865	1678	0.000000
281474976710655.000000	19.400854	1679	0.000000
281474976710655.000000	20.424536	1680	0.000000
281474976710655.000000	18.063070	1681	0.000000
281474976710655.000000	19.915869	1682	0.000000
281474976710655.000000	19.221674	1683	0.000000
281474976710655.000000	20.219364	1684	0.000000
281474976710655.000000	19.011408	1685	0.000000
281474976710655.000000	19.842285	1686	0.000000
281474976710655.000000	18.248646	1687	0.000000
281474976710655.000000	18.615446	1688	0.000000
281474976710655.000000	19.622940	1689	0.000000
281474976710655.000000	20.615391	1690	0.000000
281474976710655.000000	18.948696	1691	0.000000
281474976710655.000000	19.220392	1692	0.000000
281474976710655.000000	18.028099	1693	0.000000
281474976710655.000000	19.154819	1694	0.000000
281474976710655.000000	18.752943	1695	0.000000
281474976710655.000000	19.833208	1696	0.000000
281474976710655.000000	19.500311	1697	0.000000
281474976710655.000000	20.319401	1698	0.000000
281474976710655.000000	18.694715	1699	0.000000
281474976710655.000000	19.388981	1700	0.000000
281474976710655.000000	18.062347	1701	0.000000
281474976710655.000000	20.056911	1702	0.000000
281474976710655.000000	18.980068	1703	0.000000
281474976710655.000000	20.122824	1704	0.000000
281474976710655.000000	18.630661	1705	0.000000
281474976710655.000000	19.492317	1706	0.000000
281474976710655.000000	17.940271	1707	0.000000
281474976710655.000000	19.954460	1708	0.000000
281474976710655.000000	18.276497	1709	0.000000
281474976710655.000000	19.632992	1710	0.000000
281474976710655.000000	18.734039	1711	0.000000
281474976710655.000000	18.792007	1712	0.000000
281474976710655.000000	18.661551	1713	0.000000
281474976710655.000000	20.208267	1714	0.000000
281474976710655.000000	18.089014	1715	0.000000
281474976710655.000000	18.798643	1716	0.000000
281474976710655.000000	18.947414	1717	0.000000
281474976710655.000000	19.565641	1718	0.000000
281474976710655.000000	17.868223	1719	0.000000
281474976710655.000000	18.945089	1720	0.000000
281474976710655.000000	18.774643	1721	0.000000
281474976710655.000000	19.534002	1722	0.000000
281474976710655.000000	18.957443	1723	0.000000
281474976710655.000000	18.326002	1724	0.000000
281474976710655.000000	18.488256	1725	0.000000
281474976710655.000000	19.216108	1726	0.000000
281474976710655.000000	17.686548	1727	0.000000
281474976710655.000000	19.600931	1728	0.000000
281474976710655.000000	17.739479	1729	0.000000
281474976710655.000000	18.055319	1730	0.000000
281474976710655.000000	18.111614	1731	0.000000
281474976710655.000000	18.288034	1732	0.000000
281474976710655.000000	17.497267	1733	0.000000
281474976710655.000000	19.561041	1734	0.000000
281474976710655.000000	17.224411	1735	0.000000
281474976710655.000000	18.347094	1736	0.000000
281474976710655.000000	18.099733	1737	0.000000
281474976710655.000000	19.141157	1738	0.000000
281474976710655.000000	18.451910	1739	0.000000
281474976710655.000000	18.902544	1740	0.000000
281474976710655.000000	18.220133	1741	0.000000
281474976710655.000000	17.844118	1742	0.000000
281474976710655.000000	18.309988	1743	0.000000
281474976710655.000000	17.624081	1744	0.000000
281474976710655.000000	18.133682	1745	0.000000
281474976710655.000000	18.739613	1746	0.000000
281474976710655.000000	18.556620	1747	0.000000
281474976710655.000000	18.580542	1748	0.000000
281474976710655.000000	17.932947	1749	0.000000
281474976710655.000000	17.782036	1750	0.000000
281474976710655.000000	17.213072	1751	0.000000
281474976710655.000000	19.041191	1752	0.000000
281474976710655.000000	17.473127	1753	0.000000
281474976710655.000000	18.558348	1754	0.000000
281474976710655.000000	18.105879	1755	0.000000
281474976710655.000000	19.224014	1756	0.000000
281474976710655.000000	17.634787	1757	0.000000
281474976710655.000000	17.730963	1758	0.000000
281474976710655.000000	17.417236	1759	0.000000
281474976710655.000000	18.697599	1760	0.000000
281474976710655.000000	17.635736	1761	0.000000
281474976710655.000000	17.747332	1762	0.000000
281474976710655.000000	16.842390	1763	0.000000
281474976710655.000000	17.211931	1764	0.000000
281474976710655.000000	17.464003	1765	0.000000
281474976710655.000000	18.182804	1766	0.000000
281474976710655.000000	17.939604	1767	0.000000
281474976710655.000000	19.384750	1768	0.000000
281474976710655.000000	17.011717	1769	0.000000
281474976710655.000000	18.067633	1770	0.000000
281474976710655.000000	17.955433	1771	0.000000
281474976710655.000000	17.852255	1772	0.000000
281474976710655.000000	17.673319	1773	0.000000
281474976710655.000000	18.542292	1774	0.000000
281474976710655.000000	17.404697	1775	0.000000
281474976710655.000000	17.690746	1776	0.000000
281474976710655.000000	17.091454	1777	0.000000
281474976710655.000000	18.114492	1778	0.000000
281474976710655.000000	16.827196	1779	0.000000
281474976710655.000000	17.573681	1780	0.000000
281474976710655.000000	16.979258	1781	0.000000
281474976710655.000000	17.788851	1782	0.000000
281474976710655.000000	17.109295	1783	0.000000
281474976710655.000000	17.561436	1784	0.000000
281474976710655.000000	16.659355	1785	0.000000
281474976710655.000000	18.044363	1786	0.000000
281474976710655.000000	17.169483	1787	0.000000
281474976710655.000000	17.541859	1788	0.000000
281474976710655.000000	17.024239	1789	0.000000
281474976710655.000000	17.208042	1790	0.000000
281474976710655.000000	16.847376	1791	0.000000
281474976710655.000000	17.628723	1792	0.000000
281474976710655.000000	17.565123	1793	0.000000
281474976710655.000000	17.993773	1794	0.000000
281474976710655.000000	17.116779	1795	0.000000
281474976710655.000000	17.639961	1796	0.000000
281474976710655.000000	17.615974	1797	0.000000
281474976710655.000000	17.062590	1798	0.000000
281474976710655.000000	16.791178	1799	0.000000
281474976710655.000000	17.282112	1800	0.000000
281474976710655.000000	16.927616	1801	0.000000
281474976710655.000000	17.615448	1802	0.000000
281474976710655.000000	16.429747	1803	0.000000
281474976710655.000000	17.384388	1804	0.000000
281474976710655.000000	16.780519	1805	0.000000
281474976710655.000000	16.093599	1806	0.000000
281474976710655.000000	16.857201	1807	0.000000
281474976710655.000000	17.506908	1808	0.000000
281474976710655.000000	16.736843	1809	0.000000
281474976710655.000000	17.093691	1810	0.000000
281474976710655.000000	16.314470	1811	0.000000
281474976710655.000000	16.914660	1812	0.000000
281474976710655.000000	16.612803	1813	0.000000
281474976710655.000000	17.623756	1814	0.000000
281474976710655.000000	16.422920	1815	0.000000
281474976710655.000000	16.357340	1816	0.000000
281474976710655.000000	16.899326	1817	0.000000
281474976710655.000000	17.530581	1818	0.000000
281474976710655.000000	17.209702	1819	0.000000
281474976710655.000000	17.126156	1820	0.000000
281474976710655.000000	16.223166	1821	0.000000
281474976710655.000000	16.562052	1822	0.000000
281474976710655.000000	16.443218	1823	0.000000
281474976710655.000000	16.693792	1824	0.000000
281474976710655.000000	16.528559	1825	0.000000
281474976710655.000000	16.848167	1826	0.000000
281474976710655.000000	16.970520	1827	0.000000
281474976710655.000000	16.476673	1828	0.000000
281474976710655.000000	16.271275	1829	0.000000
281474976710655.000000	16.587593	1830	0.000000
281474976710655.000000	16.305563	1831	0.000000
281474976710655.000000	16.633728	1832	0.000000
281474976710655.000000	16.068634	1833	0.000000
281474976710655.000000	16.595459	1834	0.000000
281474976710655.000000	16.679184	1835	0.000000
281474976710655.000000	16.440262	1836	0.000000
281474976710655.000000	16.121468	1837	0.000000
281474976710655.000000	16.732170	1838	0.000000
281474976710655.000000	15.958796	1839	0.000000
281474976710655.000000	16.742874	1840	0.000000
281474976710655.000000	15.745927	1841	0.000000
281474976710655.000000	16.181133	1842	0.000000
281474976710655.000000	16.354654	1843	0.000000
281474976710655.000000	16.312401	1844	0.000000
281474976710655.000000	16.062008	1845	0.000000
281474976710655.000000	16.290966	1846	0.000000
281474976710655.000000	15.997255	1847	0.000000
281474976710655.000000	16.169348	1848	0.000000
281474976710655.000000	15.936914	1849	0.000000
281474976710655.000000	15.951234	1850	0.000000
281474976710655.000000	16.182640	1851	0.000000
281474976710655.000000	16.297958	1852	0.000000
281474976710655.000000	15.970093	1853	0.000000
281474976710655.000000	16.649429	1854	0.000000
281474976710655.000000	16.029808	1855	0.000000
281474976710655.000000	16.203276	1856	0.000000
281474976710655.000000	15.839445	1857	0.000000
281474976710655.000000	15.865428	1858	0.000000
281474976710655.000000	15.872055	1859	0.000000
281474976710655.000000	16.526228	1860	0.000000
281474976710655.000000	16.237534	1861	0.000000
281474976710655.000000	16.728390	1862	0.000000
281474976710655.000000	15.812339	1863	0.000000
281474976710655.000000	16.448734	1864	0.000000
281474976710655.000000	16.006950	1865	0.000000
281474976710655.000000	16.133860	1866	0.000000
281474976710655.000000	15.450968	1867	0.000000
281474976710655.000000	15.867806	1868	0.000000
281474976710655.000000	15.193945	1869	0.000000
281474976710655.000000	16.060223	1870	0.000000
281474976710655.000000	15.323047	1871	0.000000
281474976710655.000000	15.784321	1872	0.000000
281474976710655.000000	15.816055	1873	0.000000
281474976710655.000000	15.888439	1874	0.000000
281474976710655.000000	15.349114	1875	0.000000
281474976710655.000000	16.444380	1876	0.000000
281474976710655.000000	15.901969	1877	0.000000
281474976710655.000000	15.850371	1878	0.000000
281474976710655.000000	15.261236	1879	0.000000
281474976710655.000000	15.763161	1880	0.000000
281474976710655.000000	15.172994	1881	0.000000
281474976710655.000000	15.714185	1882	0.000000
281474976710655.000000	15.077217	1883	0.000000
281474976710655.000000	15.881284	1884	0.000000
281474976710655.000000	15.434607	1885	0.000000
281474976710655.000000	15.507651	1886	0.000000
281474976710655.000000	15.303443	1887	0.000000
281474976710655.000000	15.496233	1888	0.000000
281474976710655.000000	15.175705	1889	0.000000
281474976710655.000000	15.219599	1890	0.000000
281474976710655.000000	15.112889	1891	0.000000
281474976710655.000000	15.108256	1892	0.000000
281474976710655.000000	15.075800	1893	0.000000
281474976710655.000000	15.103594	1894	0.000000
281474976710655.000000	15.139956	1895	0.000000
281474976710655.000000	15.803263	1896	0.000000
281474976710655.000000	15.162941	1897	0.000000
281474976710655.000000	15.802541	1898	0.000000
281474976710655.000000	15.077746	1899	0.000000
281474976710655.000000	15.563203	1900	0.000000
281474976710655.000000	15.181397	1901	0.000000
281474976710655.000000	14.872877	1902	0.000000
281474976710655.000000	14.826885	1903	0.000000
281474976710655.000000	15.349839	1904	0.000000
281474976710655.000000	15.065344	1905	0.000000
281474976710655.000000	15.347067	1906	0.000000
281474976710655.000000	15.052323	1907	0.000000
281474976710655.000000	14.992437	1908	0.000000
281474976710655.000000	14.941657	1909	0.000000
281474976710655.000000	15.220069	1910	0.000000
281474976710655.000000	14.697878	1911	0.000000
281474976710655.000000	14.984754	1912	0.000000
281474976710655.000000	14.723468	1913	0.000000
281474976710655.000000	14.656749	1914	0.000000
281474976710655.000000	15.015163	1915	0.000000
281474976710655.000000	14.821556	1916	0.000000
281474976710655.000000	14.862087	1917	0.000000
281474976710655.000000	15.283435	1918	0.000000
281474976710655.000000	14.625280	1919	0.000000
281474976710655.000000	15.163412	1920	0.000000
281474976710655.000000	14.779673	1921	0.000000
281474976710655.000000	15.085084	1922	0.000000
281474976710655.000000	14.843957	1923	0.000000
281474976710655.000000	14.733985	1924	0.000000
281474976710655.000000	14.832989	1925	0.000000
281474976710655.000000	15.064374	1926	0.000000
281474976710655.000000	14.628616	1927	0.000000
281474976710655.000000	14.486475	1928	0.000000
281474976710655.000000	14.742796	1929	0.000000
281474976710655.000000	15.273449	1930	0.000000
281474976710655.000000	14.355569	1931	0.000000
281474976710655.000000	14.709601	1932	0.000000
281474976710655.000000	14.297197	1933	0.000000
281474976710655.000000	15.111740	1934	0.000000
281474976710655.000000	14.392361	1935	0.000000
281474976710655.000000	14.464729	1936	0.000000
281474976710655.000000	14.486005	1937	0.000000
281474976710655.000000	14.718808	1938	0.000000
281474976710655.000000	14.221053	1939	0.000000
281474976710655.000000	14.872451	1940	0.000000
281474976710655.000000	13.906179	1941	0.000000
281474976710655.000000	14.816536	1942	0.000000
281474976710655.000000	14.458370	1943	0.000000
281474976710655.000000	14.168405	1944	0.000000
281474976710655.000000	14.149720	1945	0.000000
281474976710655.000000	14.282059	1946	0.000000
281474976710655.000000	14.378047	1947	0.000000
281474976710655.000000	14.477784	1948	0.000000
281474976710655.000000	14.436230	1949	0.000000
281474976710655.000000	14.238842	1950	0.000000
281474976710655.000000	13.814818	1951	0.000000
281474976710655.000000	14.817170	1952	0.000000
281474976710655.000000	13.822800	1953	0.000000
281474976710655.000000	14.097416	1954	0.000000
281474976710655.000000	14.016087	1955	0.000000
281474976710655.000000	14.265963	1956	0.000000
281474976710655.000000	13.811619	1957	0.000000
281474976710655.000000	14.288804	1958	0.000000
281474976710655.000000	14.222806	1959	0.000000
281474976710655.000000	14.596073	1960	0.000000
281474976710655.000000	13.841235	1961	0.000000
281474976710655.000000	14.522806	1962	0.000000
281474976710655.000000	14.036681	1963	0.000000
281474976710655.000000	13.938141	1964	0.000000
281474976710655.000000	13.518593	1965	0.000000
281474976710655.000000	13.941133	1966	0.000000
281474976710655.000000	13.711164	1967	0.000000
281474976710655.000000	13.976883	1968	0.000000
281474976710655.000000	13.454235	1969	0.000000
281474976710655.000000	13.702484	1970	0.000000
281474976710655.000000	13.650370	1971	0.000000
281474976710655.000000	14.081225	1972	0.000000
281474976710655.000000	13.606272	1973	0.000000
281474976710655.000000	14.346081	1974	0.000000
281474976710655.000000	13.742668	1975	0.000000
281474976710655.000000	13.927164	1976	0.000000
281474976710655.000000	13.577073	1977	0.000000
281474976710655.000000	13.673653	1978	0.000000
281474976710655.000000	13.731691	1979	0.000000
281474976710655.000000	13.892903	1980	0.000000
281474976710655.000000	13.919863	1981	0.000000
281474976710655.000000	14.086432	1982	0.000000
281474976710655.000000	13.834904	1983	0.000000
281474976710655.000000	13.854118	1984	0.000000
281474976710655.000000	13.765533	1985	0.000000
281474976710655.000000	13.557110	1986	0.000000
281474976710655.000000	13.706387	1987	0.000000
281474976710655.000000	13.868014	1988	0.000000
281474976710655.000000	13.909472	1989	0.000000
281474976710655.000000	13.570295	1990	0.000000
281474976710655.000000	13.765002	1991	0.000000
281474976710655.000000	13.478788	1992	0.000000
281474976710655.000000	13.552692	1993	0.000000
281474976710655.000000	13.352397	1994	0.000000
281474976710655.000000	13.821937	1995	0.000000
281474976710655.000000	13.615000	1996	0.000000
281474976710655.000000	12.957542	1997	0.000000
281474976710655.000000	13.148506	1998	0.000000
281474976710655.000000	13.511243	1999	0.000000
281474976710655.000000	13.064536	2000	0.000000
281474976710655.000000	13.372270	2001	0.000000
281474976710655.000000	13.271686	2002	0.000000
281474976710655.000000	13.517376	2003	0.000000
281474976710655.000000	13.389039	2004	0.000000
281474976710655.000000	13.420469	2005	0.000000
281474976710655.000000	13.328686	2006	0.000000
281474976710655.000000	13.364898	2007	0.000000
281474976710655.000000	13.074285	2008	0.000000
281474976710655.000000	13.377899	2009	0.000000
281474976710655.000000	12.973545	2010	0.000000
281474976710655.000000	13.225129	2011	0.000000
281474976710655.000000	13.482072	2012	0.000000
281474976710655.000000	13.212275	2013	0.000000
281474976710655.000000	13.521087	2014	0.000000
281474976710655.000000	13.081443	2015	0.000000
281474976710655.000000	13.086229	2016	0.000000
281474976710655.000000	12.713392	2017	0.000000
281474976710655.000000	13.043756	2018	0.000000
281474976710655.000000	12.858755	2019	0.000000
281474976710655.000000	13.452550	2020	0.000000
281474976710655.000000	13.061921	2021	0.000000
281474976710655.000000	13.443285	2022	0.000000
281474976710655.000000	13.207698	2023	0.000000
281474976710655.000000	13.076732	2024	0.000000
281474976710655.000000	13.102045	2025	0.000000
281474976710655.000000	13.061513	2026	0.000000
281474976710655.000000	12.870383	2027	0.000000
281474976710655.000000	13.080852	2028	0.000000
281474976710655.000000	12.852697	2029	0.000000
281474976710655.000000	12.869356	2030	0.000000
281474976710655.000000	12.632463	2031	0.000000
281474976710655.000000	12.920860	2032	0.000000
281474976710655.000000	12.780222	2033	0.000000
281474976710655.000000	12.730138	2034	0.000000
281474976710655.000000	12.970680	2035	0.000000
281474976710655.000000	13.080901	2036	0.000000
281474976710655.000000	12.444975	2037	0.000000
281474976710655.000000	13.130309	2038	0.000000
281474976710655.000000	12.553933	2039	0.000000
281474976710655.000000	13.249285	2040	0.000000
281474976710655.000000	12.746325	2041	0.000000
281474976710655.000000	12.387309	2042	0.000000
281474976710655.000000	12.959549	2043	0.000000
281474976710655.000000	12.664626	2044	0.000000
281474976710655.000000	12.725451	2045	0.000000
281474976710655.000000	12.758032	2046	0.000000
281474976710655.000000	12.464176	2047	0.000000
281474976710655.000000	12.639854	2048	0.000000
281474976710655.000000	12.592150	2049	0.000000
281474976710655.000000	13.070148	2050	0.000000
281474976710655.000000	12.770184	2051	0.000000
281474976710655.000000	12.731385	2052	0.000000
281474976710655.000000	12.550078	2053	0.000000
281474976710655.000000	12.412851	2054	0.000000
281474976710655.000000	12.786481	2055	0.000000
281474976710655.000000	12.413264	2056	0.000000
281474976710655.000000	12.114303	2057	0.000000
281474976710655.000000	12.656198	2058	0.000000
281474976710655.000000	12.573339	2059	0.000000
281474976710655.000000	12.653983	2060	0.000000
281474976710655.000000	12.408353	2061	0.000000
281474976710655.000000	12.632065	2062	0.000000
281474976710655.000000	12.112372	2063	0.000000
281474976710655.000000	12.682660	2064	0.000000
281474976710655.000000	12.211728	2065	0.000000
281474976710655.000000	12.340675	2066	0.000000
281474976710655.000000	12.333947	2067	0.000000
281474976710655.000000	12.466460	2068	0.000000
281474976710655.000000	12.034494	2069	0.000000
281474976710655.000000	12.327747	2070	0.000000
281474976710655.000000	11.913700	2071	0.000000
281474976710655.000000	12.285649	2072	0.000000
281474976710655.000000	11.901913	2073	0.000000
281474976710655.000000	11.835013	2074	0.000000
281474976710655.000000	12.144385	2075	0.000000
281474976710655.000000	11.961601	2076	0.000000
281474976710655.000000	12.364810	2077	0.000000
281474976710655.000000	12.321760	2078	0.000000
281474976710655.000000	11.988130	2079	0.000000
281474976710655.000000	12.408188	2080	0.000000
281474976710655.000000	12.151807	2081	0.000000
281474976710655.000000	12.253157	2082	0.000000
281474976710655.000000	11.885474	2083	0.000000
281474976710655.000000	11.824230	2084	0.000000
281474976710655.000000	12.146027	2085	0.000000
281474976710655.000000	12.094930	2086	0.000000
281474976710655.000000	11.795953	2087	0.000000
281474976710655.000000	11.918268	2088	0.000000
281474976710655.000000	11.936615	2089	0.000000
281474976710655.000000	12.186397	2090	0.000000
281474976710655.000000	12.085247	2091	0.000000
281474976710655.000000	12.175306	2092	0.000000
281474976710655.000000	11.650936	2093	0.000000
281474976710655.000000	12.157331	2094	0.000000
281474976710655.000000	11.840772	2095	0.000000
281474976710655.000000	12.094204	2096	0.000000
281474976710655.000000	11.868840	2097	0.000000
281474976710655.000000	11.921976	2098	0.000000
281474976710655.000000	11.914468	2099	0.000000
281474976710655.000000	11.858640	2100	0.000000
281474976710655.000000	11.941118	2101	0.000000
281474976710655.000000	11.822238	2102	0.000000
281474976710655.000000	11.660201	2103	0.000000
281474976710655.000000	11.886931	2104	0.000000
281474976710655.000000	11.447359	2105	0.000000
281474976710655.000000	11.779333	2106	0.000000
281474976710655.000000	11.505457	2107	0.000000
281474976710655.000000	11.951304	2108	0.000000
281474976710655.000000	11.553784	2109	0.000000
281474976710655.000000	11.933731	2110	0.000000
281474976710655.000000	11.661642	2111	0.000000
281474976710655.000000	11.735921	2112	0.000000
281474976710655.000000	11.608352	2113	0.000000
281474976710655.000000	11.879746	2114	0.000000
281474976710655.000000	11.383209	2115	0.000000
281474976710655.000000	11.636203	2116	0.000000
281474976710655.000000	11.458243	2117	0.000000
281474976710655.000000	11.582946	2118	0.000000
281474976710655.000000	11.559000	2119	0.000000
281474976710655.000000	11.553053	2120	0.000000
281474976710655.000000	11.631972	2121	0.000000
281474976710655.000000	11.586756	2122	0.000000
281474976710655.000000	11.241470	2123	0.000000
281474976710655.000000	11.468032	2124	0.000000
281474976710655.000000	11.215901	2125	0.000000
281474976710655.000000	11.373089	2126	0.000000
281474976710655.000000	11.262380	2127	0.000000
281474976710655.000000	11.431466	2128	0.000000
281474976710655.000000	11.373021	2129	0.000000
281474976710655.000000	11.297782	2130	0.000000
281474976710655.000000	11.554561	2131	0.000000
281474976710655.000000	11.465133	2132	0.000000
281474976710655.000000	11.352915	2133	0.000000
281474976710655.000000	11.411446	2134	0.000000
281474976710655.000000	11.283574	2135	0.000000
281474976710655.000000	11.187253	2136	0.000000
281474976710655.000000	11.171684	2137	0.000000
281474976710655.000000	11.126911	2138	0.000000
281474976710655.000000	11.266622	2139	0.000000
281474976710655.000000	11.085538	2140	0.000000
281474976710655.000000	11.181676	2141	0.000000
281474976710655.000000	11.321198	2142	0.000000
281474976710655.000000	11.192207	2143	0.000000
281474976710655.000000	11.177946	2144	0.000000
281474976710655.000000	11.123168	2145	0.000000
281474976710655.000000	11.145021	2146	0.000000
281474976710655.000000	11.092738	2147	0.000000
281474976710655.000000	10.982411	2148	0.000000
281474976710655.000000	11.028119	2149	0.000000
281474976710655.000000	10.959210	2150	0.000000
281474976710655.000000	11.238055	2151	0.000000
281474976710655.000000	11.161572	2152	0.000000
281474976710655.000000	11.094741	2153	0.000000
281474976710655.000000	11.204073	2154	0.000000
281474976710655.000000	10.894865	2155	0.000000
281474976710655.000000	10.799047	2156	0.000000
281474976710655.000000	11.099818	2157	0.000000
281474976710655.000000	10.963965	2158	0.000000
281474976710655.000000	10.692000	2159	0.000000
281474976710655.000000	11.039157	2160	0.000000
281474976710655.000000	11.025435	2161	0.000000
281474976710655.000000	10.891568	2162	0.000000
281474976710655.000000	10.847201	2163	0.000000
281474976710655.000000	10.828350	2164	0.000000
281474976710655.000000	11.019629	2165	0.000000
281474976710655.000000	11.007870	2166	0.000000
281474976710655.000000	10.838138	2167	0.000000
281474976710655.000000	10.838736	2168	0.000000
281474976710655.000000	10.862613	2169	0.000000
281474976710655.000000	10.742928	2170	0.000000
281474976710655.000000	10.836762	2171	0.000000
281474976710655.000000	10.758331	2172	0.000000
281474976710655.000000	10.620793	2173	0.000000
281474976710655.000000	10.841970	2174	0.000000
281474976710655.000000	10.653548	2175	0.000000
281474976710655.000000	10.809090	2176	0.000000
281474976710655.000000	10.719313	2177	0.000000
281474976710655.000000	10.617521	2178	0.000000
281474976710655.000000	10.641417	2179	0.000000
281474976710655.000000	10.665830	2180	0.000000
281474976710655.000000	10.584455	2181	0.000000
281474976710655.000000	10.676391	2182	0.000000
281474976710655.000000	10.854419	2183	0.000000
281474976710655.000000	10.528494	2184	0.000000
281474976710655.000000	10.681632	2185	0.000000
281474976710655.000000	10.713399	2186	0.000000
281474976710655.000000	10.622649	2187	0.000000
281474976710655.000000	10.583019	2188	0.000000
281474976710655.000000	10.264120	2189	0.000000
281474976710655.000000	10.615129	2190	0.000000
281474976710655.000000	10.444874	2191	0.000000
281474976710655.000000	10.520301	2192	0.000000
281474976710655.000000	10.396174	2193	0.000000
281474976710655.000000	10.684892	2194	0.000000
281474976710655.000000	10.379021	2195	0.000000
281474976710655.000000	10.436289	2196	0.000000
281474976710655.000000	10.480695	2197	0.000000
281474976710655.000000	10.298179	2198	0.000000
281474976710655.000000	10.393398	2199	0.000000
281474976710655.000000	10.290158	2200	0.000000
281474976710655.000000	10.315804	2201	0.000000
281474976710655.000000	10.327024	2202	0.000000
281474976710655.000000	10.239567	2203	0.000000
281474976710655.000000	10.382689	2204	0.000000
281474976710655.000000	10.349887	2205	0.000000
281474976710655.000000	10.422750	2206	0.000000
281474976710655.000000	10.194131	2207	0.000000
281474976710655.000000	10.192535	2208	0.000000
281474976710655.000000	10.145644	2209	0.000000
281474976710655.000000	10.161724	2210	0.000000
281474976710655.000000	10.127019	2211	0.000000
281474976710655.000000	10.174858	2212	0.000000
281474976710655.000000	10.323394	2213	0.000000
281474976710655.000000	10.186905	2214	0.000000
281474976710655.000000	10.112997	2215	0.000000
281474976710655.000000	10.254962	2216	0.000000
281474976710655.000000	10.024710	2217	0.000000
281474976710655.000000	10.047360	2218	0.000000
281474976710655.000000	9.997275	2219	0.000000
281474976710655.000000	10.013210	2220	0.000000
281474976710655.000000	10.164478	2221	0.000000
281474976710655.000000	9.969982	2222	0.000000
281474976710655.000000	10.006226	2223	0.000000
281474976710655.000000	10.168781	2224	0.000000
281474976710655.000000	10.195119	2225	0.000000
281474976710655.000000	10.062766	2226	0.000000
281474976710655.000000	9.879964	2227	0.000000
281474976710655.000000	10.178610	2228	0.000000
281474976710655.000000	10.025323	2229	0.000000
281474976710655.000000	9.946502	2230	0.000000
281474976710655.000000	9.924188	2231	0.000000
281474976710655.000000	9.911900	2232	0.000000
281474976710655.000000	9.999227	2233	0.000000
281474976710655.000000	10.059432	2234	0.000000
281474976710655.000000	9.842093	2235	0.000000
281474976710655.000000	9.884523	2236	0.000000
281474976710655.000000	9.860806	2237	0.000000
281474976710655.000000	9.839887	2238	0.000000
281474976710655.000000	9.904367	2239	0.000000
281474976710655.000000	9.982915	2240	0.000000
281474976710655.000000	9.737090	2241	0.000000
281474976710655.000000	9.896602	2242	0.000000
281474976710655.000000	9.770368	2243	0.000000
281474976710655.000000	9.724248	2244	0.000000
281474976710655.000000	9.845992	2245	0.000000
281474976710655.000000	9.881274	2246	0.000000
281474976710655.000000	9.997602	2247	0.000000
281474976710655.000000	9.745175	2248	0.000000
281474976710655.000000	9.630139	2249	0.000000
281474976710655.000000	9.697738	2250	0.000000
281474976710655.000000	9.501465	2251	0.000000
281474976710655.000000	9.702641	2252	0.000000
281474976710655.000000	9.563738	2253	0.000000
281474976710655.000000	9.742926	2254	0.000000
281474976710655.000000	9.468143	2255	0.000000
281474976710655.000000	9.579104	2256	0.000000
281474976710655.000000	9.494980	2257	0.000000
281474976710655.000000	9.598482	2258	0.000000
281474976710655.000000	9.624428	2259	0.000000
281474976710655.000000	9.533384	2260	0.000000
281474976710655.000000	9.468554	2261	0.000000
281474976710655.000000	9.469873	2262	0.000000
281474976710655.000000	9.530169	2263	0.000000
281474976710655.000000	9.590477	2264	0.000000
281474976710655.000000	9.621835	2265	0.000000
281474976710655.000000	9.425797	2266	0.000000
281474976710655.000000	9.541183	2267	0.000000
281474976710655.000000	9.493437	2268	0.000000
281474976710655.000000	9.558971	2269	0.000000
281474976710655.000000	9.444982	2270	0.000000
281474976710655.000000	9.439338	2271	0.000000
281474976710655.000000	9.531595	2272	0.000000
281474976710655.000000	9.403934	2273	0.000000
281474976710655.000000	9.383637	2274	0.000000
281474976710655.000000	9.336695	2275	0.000000
281474976710655.000000	9.311213	2276	0.000000
281474976710655.000000	9.258118	2277	0.000000
281474976710655.000000	9.611742	2278	0.000000
281474976710655.000000	9.298010	2279	0.000000
281474976710655.000000	9.316399	2280	0.000000
281474976710655.000000	9.434916	2281	0.000000
281474976710655.000000	9.500622	2282	0.000000
281474976710655.000000	9.154154	2283	0.000000
281474976710655.000000	9.259643	2284	0.000000
281474976710655.000000	9.392397	2285	0.000000
281474976710655.000000	9.245373	2286	0.000000
281474976710655.000000	9.387197	2287	0.000000
281474976710655.000000	9.328000	2288	0.000000
281474976710655.000000	9.229680	2289	0.000000
281474976710655.000000	9.298431	2290	0.000000
281474976710655.000000	9.172567	2291	0.000000
281474976710655.000000	9.184156	2292	0.000000
281474976710655.000000	9.302155	2293	0.000000
281474976710655.000000	9.097815	2294	0.000000
281474976710655.000000	9.062795	2295	0.000000
281474976710655.000000	9.072524	2296	0.000000
281474976710655.000000	9.140878	2297	0.000000
281474976710655.000000	9.168268	2298	0.000000
281474976710655.000000	9.223914	2299	0.000000
281474976710655.000000	9.181560	2300	0.000000
281474976710655.000000	9.073334	2301	0.000000
281474976710655.000000	9.294684	2302	0.000000
281474976710655.000000	9.022566	2303	0.000000
281474976710655.000000	9.090933	2304	0.000000
281474976710655.000000	9.066187	2305	0.000000
281474976710655.000000	8.954539	2306	0.000000
281474976710655.000000	9.077771	2307	0.000000
281474976710655.000000	8.944093	2308	0.000000
281474976710655.000000	8.932498	2309	0.000000
281474976710655.000000	9.066789	2310	0.000000
281474976710655.000000	8.875647	2311	0.000000
281474976710655.000000	8.968682	2312	0.000000
281474976710655.000000	8.736449	2313	0.000000
281474976710655.000000	9.074458	2314	0.000000
281474976710655.000000	8.883567	2315	0.000000
281474976710655.000000	8.878568	2316	0.000000
281474976710655.000000	8.859365	2317	0.000000
281474976710655.000000	8.961152	2318	0.000000
281474976710655.000000	8.795560	2319	0.000000
281474976710655.000000	8.832080	2320	0.000000
281474976710655.000000	8.943142	2321	0.000000
281474976710655.000000	9.001500	2322	0.000000
281474976710655.000000	8.711574	2323	0.000000
281474976710655.000000	8.795547	2324	0.000000
281474976710655.000000	8.732466	2325	0.000000
281474976710655.000000	8.785362	2326	0.000000
281474976710655.000000	8.786536	2327	0.000000
281474976710655.000000	8.733910	2328	0.000000
281474976710655.000000	8.808211	2329	0.000000
281474976710655.000000	8.836507	2330	0.000000
281474976710655.000000	8.769502	2331	0.000000
281474976710655.000000	8.888161	2332	0.000000
281474976710655.000000	8.538081	2333	0.000000
281474976710655.000000	8.816449	2334	0.000000
281474976710655.000000	8.485936	2335	0.000000
281474976710655.000000	8.674667	2336	0.000000
281474976710655.000000	8.634696	2337	0.000000
281474976710655.000000	8.647935	2338	0.000000
281474976710655.000000	8.680072	2339	0.000000
281474976710655.000000	8.650437	2340	0.000000
281474976710655.000000	8.605553	2341	0.000000
281474976710655.000000	8.694262	2342	0.000000
281474976710655.000000	8.496642	2343	0.000000
281474976710655.000000	8.628707	2344	0.000000
281474976710655.000000	8.514201	2345	0.000000
281474976710655.000000	8.664886	2346	0.000000
281474976710655.000000	8.461203	2347	0.000000
281474976710655.000000	8.595258	2348	0.000000
281474976710655.000000	8.634947	2349	0.000000
281474976710655.000000	8.657193	2350	0.000000
281474976710655.000000	8.503750	2351	0.000000
281474976710655.000000	8.539871	2352	0.000000
281474976710655.000000	8.469777	2353	0.000000
281474976710655.000000	8.470578	2354	0.000000
281474976710655.000000	8.291553	2355	0.000000
281474976710655.000000	8.431974	2356	0.000000
281474976710655.000000	8.408238	2357	0.000000
281474976710655.000000	8.525647	2358	0.000000
281474976710655.000000	8.572900	2359	0.000000
281474976710655.000000	8.402786	2360	0.000000
281474976710655.000000	8.471341	2361	0.000000
281474976710655.000000	8.412375	2362	0.000000
281474976710655.000000	8.396475	2363	0.000000
281474976710655.000000	8.442355	2364	0.000000
281474976710655.000000	8.243536	2365	0.000000
281474976710655.000000	8.376286	2366	0.000000
281474976710655.000000	8.329111	2367	0.000000
281474976710655.000000	8.155819	2368	0.000000
281474976710655.000000	8.336463	2369	0.000000
281474976710655.000000	8.379564	2370	0.000000
281474976710655.000000	8.179153	2371	0.000000
281474976710655.000000	8.287160	2372	0.000000
281474976710655.000000	8.232856	2373	0.000000
281474976710655.000000	8.237166	2374	0.000000
281474976710655.000000	8.205730	2375	0.000000
281474976710655.000000	8.284678	2376	0.000000
281474976710655.000000	8.222609	2377	0.000000
281474976710655.000000	8.233861	2378	0.000000
281474976710655.000000	8.179625	2379	0.000000
281474976710655.000000	8.221766	2380	0.000000
281474976710655.000000	8.188622	2381	0.000000
281474976710655.000000	8.254064	2382	0.000000
281474976710655.000000	8.127198	2383	0.000000
